6
16
0 2.49183 18.2325 19.687 21.2853 20.3918 26.3903 26.4341 28.4821 27.9382 9.67604 9.81617 12.0148 12.6775 7.9828 12.4605
2.49183 0 16.3986 17.8891 19.8991 20.2237 22.9594 21.3666 24.5226 22.1911 7.93444 7.95981 8.70591 9.8997 5.27539 10.5114
18.2325 16.3986 0 1.15995 2.59894 3.81967 5.75547 5.60204 5.58441 6.75668 9.37389 9.2626 8.57847 8.45264 12.3465 8.96846
19.687 17.8891 1.15995 0 1.2802 2.46122 6.00285 5.74915 5.12129 5.61003 12.0034 11.1274 10.5366 9.09782 12.6515 11.7504
21.2853 19.8991 2.59894 1.2802 0 1.30661 5.39419 5.85925 4.89324 5.66946 11.556 12.6058 11.2782 11.1147 13.4026 13.1221
20.3918 20.2237 3.81967 2.46122 1.30661 0 6.0288 6.08995 5.09612 5.67364 12.7251 13.1484 11.6805 12.8206 16.893 13.5281
26.3903 22.9594 5.75547 6.00285 5.39419 6.0288 0 1.1715 2.7607 3.92459 13.4341 15.3958 12.4016 12.608 16.8417 13.7913
26.4341 21.3666 5.60204 5.74915 5.85925 6.08995 1.1715 0 1.18063 2.41646 14.8796 14.8554 15.403 13.8424 16.9248 15.1876
28.4821 24.5226 5.58441 5.12129 4.89324 5.09612 2.7607 1.18063 0 1.34321 17.5041 14.7823 16.216 14.6004 19.4467 13.6184
27.9382 22.1911 6.75668 5.61003 5.66946 5.67364 3.92459 2.41646 1.34321 0 17.6885 15.2055 17.4963 15.675 20.1937 15.0244
9.67604 7.93444 9.37389 12.0034 11.556 12.7251 13.4341 14.8796 17.5041 17.6885 0 0.693728 1.38307 1.91717 2.4955 4.12162
9.81617 7.95981 9.2626 11.1274 12.6058 13.1484 15.3958 14.8554 14.7823 15.2055 0.693728 0 0.690826 1.37247 2.82072 3.41186
12.0148 8.70591 8.57847 10.5366 11.2782 11.6805 12.4016 15.403 16.216 17.4963 1.38307 0.690826 0 0.666618 3.41282 3.04516
12.6775 9.8997 8.45264 9.09782 11.1147 12.8206 12.608 13.8424 14.6004 15.675 1.91717 1.37247 0.666618 0 3.89822 2.33423
7.9828 5.27539 12.3465 12.6515 13.4026 16.893 16.8417 16.9248 19.4467 20.1937 2.4955 2.82072 3.41282 3.89822 0 4.88651
12.4605 10.5114 8.96846 11.7504 13.1221 13.5281 13.7913 15.1876 13.6184 15.0244 4.12162 3.41186 3.04516 2.33423 4.88651 0
