2
16
0 2.54702 20.9214 22.6636 20.3795 20.4114 25.9228 27.0101 26.6713 24.8659 9.42369 9.83438 11.6041 10.7875 7.49175 13.4542
2.54702 0 16.7301 20.3677 18.917 21.0193 22.4038 23.8032 23.3307 25.7953 8.1812 8.19212 8.14502 9.93597 5.886 9.74907
20.9214 16.7301 0 1.23407 2.57612 3.45406 5.9069 6.05966 5.82504 6.96467 11.0326 9.23992 9.26666 9.45137 13.9852 10.5182
22.6636 20.3677 1.23407 0 1.19307 2.49084 5.65045 4.91802 5.73634 5.70523 11.6091 10.2473 11.2016 9.80117 13.8169 10.8909
20.3795 18.917 2.57612 1.19307 0 1.18561 6.24917 5.4235 5.09323 5.41923 11.5792 11.3385 12.3821 9.95742 14.3903 12.5887
20.4114 21.0193 3.45406 2.49084 1.18561 0 6.46467 5.62315 5.99814 4.93031 12.7624 14.0418 11.3236 11.33 14.161 14.5407
25.9228 22.4038 5.9069 5.65045 6.24917 6.46467 0 1.17312 2.32009 3.62239 15.7997 12.8485 13.0756 13.6978 15.5702 13.4172
27.0101 23.8032 6.05966 4.91802 5.4235 5.62315 1.17312 0 1.19005 2.46112 14.5354 14.2998 13.398 14.5284 18.1914 13.6549
26.6713 23.3307 5.82504 5.73634 5.09323 5.99814 2.32009 1.19005 0 1.33218 16.4178 16.2907 15.7198 15.3511 18.8077 14.5354
24.8659 25.7953 6.96467 5.70523 5.41923 4.93031 3.62239 2.46112 1.33218 0 16.4627 17.1361 16.539 15.6837 21.2554 16.2544
9.42369 8.1812 11.0326 11.6091 11.5792 12.7624 15.7997 14.5354 16.4178 16.4627 0 0.604269 1.33558 1.87639 2.52668 4.03882
9.83438 8.19212 9.23992 10.2473 11.3385 14.0418 12.8485 14.2998 16.2907 17.1361 0.604269 0 0.621617 1.17417 2.82992 3.39823
11.6041 8.14502 9.26666 11.2016 12.3821 11.3236 13.0756 13.398 15.7198 16.539 1.33558 0.621617 0 0.690736 3.65311 3.04957
10.7875 9.93597 9.45137 9.80117 9.95742 11.33 13.6978 14.5284 15.3511 15.6837 1.87639 1.17417 0.690736 0 3.82738 2.41048
7.49175 5.886 13.9852 13.8169 14.3903 14.161 15.5702 18.1914 18.8077 21.2554 2.52668 2.82992 3.65311 3.82738 0 4.76718
13.4542 9.74907 10.5182 10.8909 12.5887 14.5407 13.4172 13.6549 14.5354 16.2544 4.03882 3.39823 3.04957 2.41048 4.76718 0
