3
16
0 2.42504 19.0836 21.8144 23.704 20.8918 24.9479 24.6774 26.4505 24.326 10.7595 11.1383 10.797 11.5952 7.39746 12.291
2.42504 0 19.4621 17.2891 19.4813 20.0131 20.4559 24.1965 24.364 26.3495 7.65783 8.8507 8.31544 9.8798 5.09049 9.99958
19.0836 19.4621 0 1.15142 2.40543 4.00972 5.11204 5.36518 5.73933 6.54643 9.48728 9.44489 8.61816 8.1233 13.7487 9.47448
21.8144 17.2891 1.15142 0 1.24091 2.45698 5.08444 5.71731 5.05051 6.04413 10.5072 10.8343 10.7031 9.33006 12.8534 11.8502
23.704 19.4813 2.40543 1.24091 0 1.21655 6.39584 5.27655 5.66303 5.8825 11.2661 12.7017 10.8253 11.5494 13.3023 13.1027
20.8918 20.0131 4.00972 2.45698 1.21655 0 7.0701 5.9493 5.56875 5.39576 13.5321 13.9594 11.4963 12.4039 14.1714 13.7686
24.9479 20.4559 5.11204 5.08444 6.39584 7.0701 0 1.39498 2.30512 4.02065 15.8387 12.846 14.5342 14.3717 17.1467 12.6883
24.6774 24.1965 5.36518 5.71731 5.27655 5.9493 1.39498 0 1.26937 2.39928 15.2675 14.3693 13.5019 13.8908 16.6487 13.0263
26.4505 24.364 5.73933 5.05051 5.66303 5.56875 2.30512 1.26937 0 1.26881 17.7469 14.3801 15.5462 15.8884 20.0918 15.6472
24.326 26.3495 6.54643 6.04413 5.8825 5.39576 4.02065 2.39928 1.26881 0 16.2601 17.0804 14.5129 14.3417 21.0233 17.3603
10.7595 7.65783 9.48728 10.5072 11.2661 13.5321 15.8387 15.2675 17.7469 16.2601 0 0.656192 1.34031 1.96783 2.32548 3.82824
11.1383 8.8507 9.44489 10.8343 12.7017 13.9594 12.846 14.3693 14.3801 17.0804 0.656192 0 0.596026 1.29163 3.08389 3.18784
10.797 8.31544 8.61816 10.7031 10.8253 11.4963 14.5342 13.5019 15.5462 14.5129 1.34031 0.596026 0 0.672533 3.48367 2.96798
11.5952 9.8798 8.1233 9.33006 11.5494 12.4039 14.3717 13.8908 15.8884 14.3417 1.96783 1.29163 0.672533 0 4.31472 2.4806
7.39746 5.09049 13.7487 12.8534 13.3023 14.1714 17.1467 16.6487 20.0918 21.0233 2.32548 3.08389 3.48367 4.31472 0 4.8588
12.291 9.99958 9.47448 11.8502 13.1027 13.7686 12.6883 13.0263 15.6472 17.3603 3.82824 3.18784 2.96798 2.4806 4.8588 0
